$ANSIBLE_VAULT;1.1;AES256
61663139373432613464366433316361373832653962353861323163613731363438663538343532
3634306430333831303235303162346236633938393066650a636239306362323639323936626535
61613431633830623964653239386139643861383331653838323134626263363863373931333739
6163393738656430370a373130643437656264663136326364336537646336363936386238353938
37643239613262353031313635373037636165666139363561663031323432613937396464396234
65663361303235373466333935353365636337393138393862336561643439343537343235646238
39616134306164343631373465613063313935643230363064316436653066623866626534666535
63353638356636616438626264636139626138353334336165646437356335396337353539323332
37323062643539363661633166366531316134336664353166353965386564306666666333623437
63363534333863646638333565323137306538626538613334636137356564333730383839616134
66653666633030646664316163643866363131616339386330633936383735633966653835643433
64393935366339633834616238393633343264343737383031613932616335343632636434626461
34626663393136303566663636623131636165653263303164383230636535333532383939356461
33633536626139623261663266306566633836643330666339306234623463613934656637313962
32613866323832353731343462623436613133313239646637336531363433326630333130646433
62666430333832643363366665363736386463306565633838333434393037666363636161656534
62303730623561653733656638313563653834303764366562303665396535613162383739323338
38323530636466303863363563316265393665623036343333333631323239336361323037333034
61643233333166303833386234383931333832356231633662383366653566616534363639303735
34383466363439333139313932613732646565366466363936356461653034356163376533633663
30616161366132396131393966613661653637376136623164383434666632333136363265393730
31313735363337303461343337393933363162366533353264616334346364313431316231373963
62623665666232646664376133396361356532666238323734623636383965336633656337313135
30303533626139663062363334373033356661633532363937653663623966663937663835626433
62316265326339653831616335373961636534336131313236663065663061353264346533646234
36393062376137653231396530366631373564616331316333663035316137306564643730356133
30303265623234323862616366616664346438626535373365303931393761353664373665333662
64316636366163393534346435326232623735336138643662376437346533366437323964666130
36633163323535343165316435393564623363313235646138393338303636663035343764646665
35323862656134303135636461626636316462663464363137386239353665396235663136326239
34383762323731366631363534373535633635323962623938636538363732356431363232666463
35356632616138616233303861663638663433306635393464303766623665396133646661376161
66306131333533636435653134376339653462386538643131396136373962363534316666333539
31663837626636383232386539353334363730653563303538623238386436336262396663366665
66373430323232323462633334656365356232313133316338356239373730363463303234663736
32313137333934656532623335373837616635616365626437306131306631613835326366656332
39336362333730623830623239316362376239333539616136623033386234386138366639373933
63333430393133613635326337373734306566636162343939316165313331656665353231613361
32396465383532303831666536626131393138393466626236386162323635633962343063613632
65653833343837326431373464353433363563313864336331623831343437623231343164653961
62316537346363366562313561363234623830366437353033623830373361623035313138383336
34613761386462656538666337383966623933333861363838373430333763383962623533303661
32396464616237353263373664343934333261343433343263373639633863326163323337316164
62366465366163363164623235313463643561343037356631313632643439623035616264383162
65643437386135623234343434646337653430343638626366303366376338343335376236323562
61643961353064396230373562333964383437386366616366653536373063623737643835356232
36353236306365626535613063316137666536333832303962333235386533323938383637353931
36346561623063326566363031356138396565303733306565343530303632333037336333346331
62623138383932623635363962323433366136366438343866326365643730346638663838363762
65346236306563623133633061303135653764373663393230333333623031343736613563333532
62363934633265663135396437333133313930313135666436333638393535636235613633643631
30333566376336366163653331366433633339653566613466663063333332326439303030383836
33383832306663326138303465336430643230666238336338353139633132343562376465356135
34306565643961306534656562323361656565353931306238336438333062353061663132306636
35626664653730353162616365613063613063626139663438333462393839643764643664373730
32613439306562323466623739363962653163386265653964663630646562333431383863326162
34373630386634643632633536623861373537636464613132646638626663643138643131663066
61653935393864643736636432326432353931353539663462383039613638663533643430376335
30643531636663383734343232373961353636613761376135613331343338363337646436323834
63366566313237346432653832343830313061303737633136326130663738343135396230656132
61306438613361366333313630383066303835623138646237383535336461396265653530623463
35306636623735396661656539643834616363323533386261313234646264663561326663363863
37623636336264353264316362373062623566633566316536333532623731633366366366336136
66353734346665613065636531396232383337393131613033393964313464383563346335313536
31623762636166653239663461666439313961333034653832376539356366623433626130656433
39313833383532633431323134373638633631306234663932373934376638623332313138626462
63613965353638323666366261303562616130616664333565373932356266623366393761306133
33626663336464633134613462323035646235376536643566393864613330333536643462353734
63306466623036306332356462643065343535633934333633393766393631363063646264376162
33633761373932363932373362313462316331376637373663646335396430386263323765376263
31386265646332386632353538383336396235383639306361646262353761383834623732343166
33343931333638373833366437663434336463393162343032326463656638343961643237663361
37353465383631373161396233383137613439643166323466313532363261353036376337623364
66623639653336306234356565346262376264326136386365373966353436326631393532343237
36383565313131373934626362306130663362383161306463313439376635343039316636383066
33343363626538636461656133376566653164376133373432643264653735623137373233633866
62346562313735616663626162383230633737333665396135303830636333653031353862666462
65663934313265656230393934636536623635353261383037643332366632636664353235373836
36333865323931363538316231613661656439643830636332636662656434653833613865633331
65333034313939353564613935653662313235366431343039376137393863666565343034613232
65383333373362643066306161333164373530343966396439656431346639343435336562393633
62376138643232343732343464353434313434633661303065383865633265366165663662373264
30653761393565326336326161386434336238386333336264303165363763613262333230323436
61346130376236316263336263383163616161636331626165616661626532666534363432613735
34663861316536653962323430323334656431336263313462623037613237636264323262336135
35383762666164626262633137626633393264343736386462336663353139656435353231343066
39343666343438373666303532346434616435366638636466326331336335666337366664346138
31626334313163363032346564393839656531346235633635336662656561616237616238643039
30343634316462316139373561623732373565653961376364313034303335313161323465326532
36643930336338396665633031633731313762623732373566356361653265326164383331613365
35326434613634316532373862613235343038613630393737386136613232353065626632653635
37303163366538343038653661633537336330346239333033386666386164663964333663303135
35343964653862626236626130376366393739343238656333613432313735306234366536323331
30646362646138653039613634663939376331663337623539313730313164326261633133663464
33336237363637663237613933626463323531343233353736646137633936353036633466613566
34366334353836373738363062613037353362623131653439633332396265326164353035393739
38396534653830653339353665313961353061613066396436653061656130653264376232623235
39303532303831313231333630383530356264306530363162656631616234383530363339613334
33663536393161353134626364643063616232343562383435626530383534626165393965363139
34313732323465653865663432633036373264356533363762613931333764623162376436646331
34326332306535393237636336616132373639656137376133333666623139636636613839323062
65356365643264666232343338666164613538383332663239303763383335393730653332313534
37326462646435303035336133653763383230343633363962353438643063623236326232633066
39646566346237313166636537643234363136333964613664643262376438383038303665353134
65376566623730323066343432386634333536306438366234616337393262363835623130396137
33393166336162666236326265623036616363376536316365363935623166653331356262363135
31663438623862333231363332373963343263663061303761363535323465316332383234633164
38303131333339663330626230326264333231383863653336393462393230336338636331393063
32326231343239333231626564356439626535383461626164643438323331353436326337383565
39613762393339366636343033376439333737626533646263303630383961306130343466653334
34306335356131646533623532613364613631363764383837363334376439323965323036663163
65633961326336336262333363316530373834613038646565316563333431313733643363363937
30633934313431636466366562356539386364393765353437653431356634303732363032616564
66386563633031656263646638643166343039623365323464323864336336336630363665666330
61656630653732383535343663633635616639623465323931356537666538346666353938323130
64343132306238663566376637366465366330396339313833353636353431373237303064373235
35376432333531316430346631633935663032626638303834363138336365366435323661366161
30646438623364333261636634626333346663333139653635343866613662613334383062633836
39656565663337333330346137326666343433323362333637323062363938313833663363643962
33366139393037373763313339623866343534353761383337623232343463303462623064316430
62396534653934373863326661636464646639396231666665333031636536356637356265333462
33626537396562373462373638626662323334613634366638643862633338626237646664613666
63346532633430323361636332376262623031633436643839343561613537323939323064323931
36363539333364616634623661306534623036393835376137316565663266633832663862373330
65353036373834336130356165343630363136376131396463373939633265343933393932616430
30656339396161306434326565353663656432386665353638343332326231646237343632383261
30306462306638353236306132643338303634373738356562393661616335363831623439386439
62613838363131386232626537383263393531353135663266383064623162316338633863313531
36346163643838623238363237316532326164643562323061316631306664393134383465353837
62356339346161383434623334636465656637663262396235323763343231313938663839396564
30313862373738346439383437393261396665373530343062623834393766313037316533363433
36383337343135313766313738623334323065303739613861356432353039383364646161626538
32333864313431353765353635353436653466333666333632633063343566636432356338343334
63643734663633363231373737303234323433643332326334623531623163316233336433363363
33636161653839373263323439613636623263306166653430373066353062356166343266636161
34336235373861303231633539323166353561653238666361386330623632633531623036376434
61306630346630323964613866333861643436616632633736363035626137636133396362383265
31343430306162623961346536643237643839636265356130363936376165623664313735303864
33343061313837636463616165386338623466366631323232666338616661383262393931303230
64363834383238616533633534343163353035313330626366336263666262343263396438656237
65393665343834616234313065613634356663646365303765346565353439383639366363653165
33343436636139376635353739323739383133356662306266326163373237616439323038336163
62303462613361353966356134616238303061356166363265393233323738636532343333653465
36653239643737353037306636393737633432376461396336373332646534356432613236376164
63653163353239373534346435393864636132613139373666376263383736393231363063323265
35353666626538613231383732633064353562383438336238383239383632353265326137323231
63646364313430666164626462316336326131633039633138313762356166613663626432353833
64363230303537663262653162613134366232336662633061633534356637623866613363376262
61613130376264313138626137613962343335353137343536663633376563303165653739383365
32346235383138616631393637643162646162613166303662343238653963346338366166376665
39393966386334616164656332633165393331656462363964383163366537396230346262366137
35653136366639363365633366636235636164623963363930306232346162626663386266616265
30636265326636306266353832653939393632613037343939333839306563623364623039626562
38316461303865363536656536383061333733643464343632663039356534636131336261373938
62626637393430613764306139383362306637373233306564616162363862343662386462313763
39336237346137333163646235663136333764326233656336343932353536646234396236346132
33386235373431346637316562646131666365313165616532366162396662353632333630636166
39666339333232313439313061336532656461386164616636386437376665626138636138393137
62366364346631313730343962313833353431313633333838633831313831386135653636313164
37633030313332363237636564636239323262303565373037333936333139356138656436373766
64636161626266383565663565353439316238646231363937313964313366366437643962356336
30653265633630323330356462336233336361343761613835386635663230623331393433653665
30336235626538366435666138613236336633316533396537313735643331626339356666393033
34313664623765366664343836643663653665303939353363646639663864613664336635303865
30363538306265303834346431366232343638353433306138333830396435313335366631616165
34343263346233393164656562386437393034303562373564356637383333323966363334316265
39366563383135306138396566336533613030656139613234633139393932346363653163636531
66653039663366356562313438306634326534333638386530613438663036656465663463386239
30336138323536363766643166316234663461653464316230643066666431346663353438613037
33343039663764353036343134376534653235303863666334653562393962626535383862613239
36343034343931653162633564353837643361303462373061616238353638653233653334346566
37373361396436316463343038366435313665393830353432616361663335313734303064646637
62323031626562383662346337616533303535623230326431623633616236616134353131626465
65613465346330653831643866306164613331626135623635636135656663316263393730623032
65373839306532613563643134366361373537666631666463303662383765616133323262333636
37343132306135386466633161343765346633636361643334353662653261353131613434373464
36363534303537636533653831373636656335396662386530653766303838633964396135326630
66663335666339633735303039306562343934343934303036363631386662373331666635353336
32646137626230393735643965613862636161663361353333613565373237306638363032633663
39663535363930393830303065356537306462663533363733616134376636636265303062366666
63626536373135656562313332343035333863376134306437353130326566626135633566396431
62343230633239343534633236643036323639373263633537356566396262386333626366393866
33353464666261333835376663616264356465636266626163323038336430343338393263666139
35363862316539323461323635626633623461386536346432653134376330323263313731373166
33383235323635333035383339383435623838353961393638663062346333666235626134346438
37316264383062303138633233353932633133326234383039313061616362303235616231373365
61633230393839643139663666326634323439663836373937616239393736613837643939636437
31666537343166633635
